src/slicersim/config/_backup/throughput_ViaviTeleBalUVSpec.ecsv
# %ECSV 1.0
# ---
# datatype:
# - {name: wavelength, unit: micron, datatype: float64}
# - {name: spectrograph, datatype: float64}
# - {name: telescope, datatype: float64}
# - {name: throughput, datatype: float64}
# meta: !!omap
# - spectrograph:
#     Bulk_trans_File: 0.95
#     Grating_trans_File: 1.0
#     LensCoating_trans_File: Transmission_Lib/AR_Fused_Silica_Coating_3068_400_2450.ecsv
#     Mirror_trans_File: /home/jlasker/SSciCode/BTThroughputs/IFSCandidateSilverCoatings26mr25.xlsx
#     n_lens: 5
#     n_mirrors: 5
#     wave_boundary: [0.35, 1.8]
#     wave_throughput: [0.5, 1.7]
# - telescope: {Mirror_trans_File: /home/jlasker/SSciCode/BTThroughputs/ViaviHighRCoatingThroughputTableIsolated.ods, n_mirrors: 4}
# schema: astropy-2.0
wavelength spectrograph telescope throughput
0.35 0.0535114974987555 0.9544141364817998 0.05107212967712272
0.37500000000000033 0.17466563781411046 0.9736633300784001 0.1700655265643545
0.4 0.382537553868265 0.9829989346589 0.37603400791952607
0.42500000000000004 0.5418004466116648 0.9824856844815 0.5323111826416439
0.45000000000000007 0.50278534567038 0.9737650553386 0.48959479995015476
0.4750000000000001 0.3820822721754425 0.9556178853971999 0.3651246529840538
0.5000000000000001 0.39746786120505007 0.9531086623066001 0.37883006150301063
0.5250000000000001 0.4503064666131628 0.9670234448982999 0.435456910604242
0.5500000000000002 0.5269388038496491 0.9773608891654 0.5150093778662453
0.5750000000000002 0.6018087224501912 0.9810538243768001 0.5904067487030763
0.6000000000000002 0.6502678161879981 0.9826922175862001 0.6390131223147194
0.6250000000000002 0.6921242037101216 0.9810229985399999 0.6789897616858132
0.6500000000000002 0.7210507566961639 0.9785415187027 0.7055781025191953
0.6750000000000003 0.746744851048186 0.9743939024028998 0.7276236295121141
0.7000000000000003 0.7724389454002081 0.9695866132022001 0.7489464609760669
0.7250000000000003 0.7799485341613633 0.9685893973918 0.7554498806999727
0.7500000000000003 0.7874581229225187 0.968984357477929 0.7630346032808528
0.7750000000000004 0.7949677116836741 0.9701918878419831 0.7712712249718051
0.8000000000000004 0.8024773004448295 0.971857248024597 0.7798933808125197
0.8250000000000004 0.8099868892059847 0.9738683038386191 0.7888205579225518
0.8500000000000004 0.8174964779671398 0.976112921096896 0.7979688750949291
0.8750000000000004 0.8068796906059367 0.978478965612274 0.7895148050376486
0.9000000000000005 0.7962629032447335 0.9808543031975999 0.7810178951242109
0.9250000000000005 0.7856461158835303 0.983126799665721 0.7723897515783793
0.9500000000000005 0.7750293285223271 0.9855693178168 0.7638451265997624
0.9750000000000005 0.764412541161124 0.9874915885354001 0.7548509545675802
1.0000000000000004 0.7537957537999208 0.9883746699081 0.7450326293401242
1.0250000000000006 0.7402200093399095 0.9893587623219999 0.7323431522865121
1.0500000000000007 0.7266442648798983 0.9895118093541 0.7190230812980881
1.0750000000000006 0.7130685204198872 0.9899847246819 0.7059269428672118
1.1000000000000005 0.6994927759598761 0.9904117259005 0.6927858474933527
1.1250000000000007 0.6859170314998648 0.9904698837727 0.6793801624673865
1.1500000000000008 0.6723412870398539 0.991007078854 0.6662949748623043
1.1750000000000007 0.6676501995062739 0.9904943712975001 0.6613037646066172
1.2000000000000006 0.6629591119726939 0.9909519819224001 0.6569606459428553
1.2250000000000008 0.6582680244391138 0.9903153062705998 0.6518929002305637
1.2500000000000009 0.6535769369055339 0.990502023649 0.6473692786152461
1.2750000000000008 0.6488858493719538 0.9900918576038998 0.6424565959775621
1.3000000000000007 0.6441947618383739 0.9895286445275999 0.6374491694937061
1.3250000000000008 0.6395036743047938 0.9893939631392 0.6327210747625002
1.350000000000001 0.6348125867712141 0.9893511099705999 0.6280525373454084
1.3750000000000009 0.6364715606263286 0.9893097872721002 0.6296675442479748
1.4000000000000008 0.6381305344814431 0.9890434854365999 0.6311388479870469
1.4250000000000007 0.6397895083365576 0.9892898911576999 0.6329372930661114
1.450000000000001 0.641448482191672 0.9884833333009 0.634061133817627
1.475000000000001 0.6431074560467865 0.9873232368003 0.63495493511452
1.5000000000000009 0.644766429901901 0.9868549128831 0.6362909190107879
1.5250000000000008 0.6464254037570155 0.986749310431 0.6378598214023158
1.5500000000000012 0.6480843776121301 0.9856152319262 0.6387618341479266
1.575000000000001 0.6497433514672446 0.9848499967678002 0.6398997375924155
1.600000000000001 0.6514023253223591 0.9841383280703999 0.6410699953439172
1.6250000000000009 0.6530612991774736 0.9829170127568 0.6419050613345971
1.6500000000000012 0.6547202730325881 0.9831618880079002 0.6436960197517672
1.6750000000000012 0.6563792468877025 0.9824609326027001 0.6448669670383501
1.700000000000001 0.658038220742817 0.9823446168580998 0.6464203038335883
1.725000000000001 0.6596971945979315 0.9819604688088 0.647796566479235
1.7500000000000013 0.661356168453046 0.9799019862318996 0.6480642230738586
1.7750000000000012 0.661356168453046 0.9802295068802999 0.6482808308749738
1.8000000000000012 0.661356168453046 0.9799861620993 0.6481198933029987
