src/slicersim/config/_backup/throughput_BalzersUVAgCoatings.ecsv
# %ECSV 1.0
# ---
# datatype:
# - {name: wavelength, unit: micron, datatype: float64}
# - {name: spectrograph, datatype: float64}
# - {name: telescope, datatype: float64}
# - {name: throughput, datatype: float64}
# meta: !!omap
# - spectrograph:
#     Bulk_trans_File: 0.95
#     Grating_trans_File: 1.0
#     LensCoating_trans_File: Transmission_Lib/AR_Fused_Silica_Coating_3068_400_2450.ecsv
#     Mirror_trans_File: /home/jlasker/SSciCode/BTThroughputs/IFSCandidateSilverCoatings26mr25.xlsx
#     n_lens: 5
#     n_mirrors: 5
#     wave_boundary: [0.4, 1.8]
#     wave_throughput: [0.5, 1.7]
# - telescope: {Mirror_trans_File: Transmission_Lib/EPSilver_RMI_0deg.ecsv, n_mirrors: 4}
# schema: astropy-2.0
wavelength spectrograph telescope throughput
0.4 0.382537553868265 0.7480520100000002 0.286157986071639
0.42500000000000004 0.5418004466116648 0.7642693506250001 0.4140814755002321
0.45000000000000007 0.50278534567038 0.7807489599999998 0.39254913573538963
0.4750000000000001 0.3820822721754425 0.7974936506249999 0.30470818607628847
0.5000000000000001 0.39746786120505007 0.8145062499999999 0.32374005712564574
0.5250000000000001 0.4503064666131628 0.8317896006249998 0.3745602360230175
0.5500000000000002 0.5269388038496491 0.8493465599999999 0.44755366038021416
0.5750000000000002 0.6018087224501912 0.8743914379209999 0.5262163941766227
0.6000000000000002 0.6502678161879981 0.8962957994409999 0.582832312160975
0.6250000000000002 0.6921242037101216 0.9111256118409999 0.6306120885753494
0.6500000000000002 0.7210507566961639 0.9223681599999999 0.6650742597204483
0.6750000000000003 0.746744851048186 0.929920776976 0.6944135520895565
0.7000000000000003 0.7724389454002081 0.937519681536 0.7241767140976068
0.7250000000000003 0.7799485341613633 0.941336550625 0.7341940628124828
0.7500000000000003 0.7874581229225187 0.945165062416 0.7442779059020486
0.7750000000000004 0.7949677116836741 0.9528571087359999 0.7574906352933797
0.8000000000000004 0.8024773004448295 0.956720690641 0.7677466371053024
0.8250000000000004 0.8099868892059847 0.96059601 0.7780701739235809
0.8500000000000004 0.8174964779671398 0.96059601 0.7852838549242873
0.8750000000000004 0.8068796906059367 0.96059601 0.7750854113460972
0.9000000000000005 0.7962629032447335 0.96059601 0.764886967767907
0.9250000000000005 0.7856461158835303 0.96059601 0.7546885241897168
0.9500000000000005 0.7750293285223271 0.96059601 0.7444900806115266
0.9750000000000005 0.764412541161124 0.96059601 0.7342916370333364
1.0000000000000004 0.7537957537999208 0.96059601 0.7240931934551462
1.0250000000000006 0.7402200093399095 0.96059601 0.7110523874940797
1.0500000000000007 0.7266442648798983 0.96059601 0.6980115815330133
1.0750000000000006 0.7130685204198872 0.96059601 0.6849707755719472
1.1000000000000005 0.6994927759598761 0.96059601 0.6719299696108809
1.1250000000000007 0.6859170314998648 0.96059601 0.6588891636498144
1.1500000000000008 0.6723412870398539 0.96059601 0.6458483576887483
1.1750000000000007 0.6676501995062739 0.96059601 0.6413421177214307
1.2000000000000006 0.6629591119726939 0.96059601 0.6368358777541129
1.2250000000000008 0.6582680244391138 0.96059601 0.6323296377867952
1.2500000000000009 0.6535769369055339 0.96059601 0.6278233978194775
1.2750000000000008 0.6488858493719538 0.96059601 0.6233171578521598
1.3000000000000007 0.6441947618383739 0.96059601 0.6188109178848422
1.3250000000000008 0.6395036743047938 0.96059601 0.6143046779175244
1.350000000000001 0.6348125867712141 0.96059601 0.609798437950207
1.3750000000000009 0.6364715606263286 0.96059601 0.6113920416161243
1.4000000000000008 0.6381305344814431 0.96059601 0.6129856452820416
1.4250000000000007 0.6397895083365576 0.96059601 0.6145792489479589
1.450000000000001 0.641448482191672 0.96059601 0.6161728526138762
1.475000000000001 0.6431074560467865 0.96059601 0.6177664562797935
1.5000000000000009 0.644766429901901 0.96059601 0.6193600599457108
1.5250000000000008 0.6464254037570155 0.96059601 0.6209536636116281
1.5500000000000012 0.6480843776121301 0.96059601 0.6225472672775455
1.575000000000001 0.6497433514672446 0.96059601 0.6241408709434628
1.600000000000001 0.6514023253223591 0.96059601 0.62573447460938
1.6250000000000009 0.6530612991774736 0.96059601 0.6273280782752974
1.6500000000000012 0.6547202730325881 0.9605960099999995 0.6289216819412143
1.6750000000000012 0.6563792468877025 0.9528571087359995 0.625435631423729
1.700000000000001 0.658038220742817 0.941336550625 0.6194354288934557
1.725000000000001 0.6596971945979315 0.941336550625 0.6209970816198063
1.7500000000000013 0.661356168453046 0.941336550625 0.6225587343461567
1.7750000000000012 0.661356168453046 0.941336550625 0.6225587343461567
1.8000000000000012 0.661356168453046 0.941336550625 0.6225587343461567
