src/slicersim/config/_backup/throughput_requirements.ecsv
# %ECSV 1.0
# ---
# datatype:
# - {name: wavelength, unit: micron, datatype: float64}
# - {name: spectrograph, datatype: float64}
# - {name: telescope, datatype: float64}
# - {name: throughput, datatype: float64}
# meta: !!omap
# - spectrograph:
#     Bulk_trans_File: 0.95
#     Grating_trans_File: 1.0
#     LensCoating_trans_File: Transmission_Lib/AR_Fused_Silica_Coating_3068_400_2450.ecsv
#     Mirror_trans_File: Transmission_Lib/EPSilver_RMI_0deg.ecsv
#     n_lens: 5
#     n_mirrors: 5
#     wave_boundary: [0.4, 1.8]
#     wave_throughput: [0.5, 1.7]
# - telescope: {Mirror_trans_File: Transmission_Lib/EPSilver_RMI_0deg.ecsv, n_mirrors: 4}
# schema: astropy-2.0
wavelength spectrograph telescope throughput
0.4 0.4 0.7480520100000002 0.2992208040000001
0.42500000000000004 0.4 0.7642693506250001 0.3057077402500001
0.45000000000000007 0.4 0.7807489599999998 0.31229958399999996
0.4750000000000001 0.4 0.7974936506249999 0.31899746025
0.5000000000000001 0.4 0.8145062499999999 0.3258025
0.5250000000000001 0.4 0.8317896006249998 0.33271584024999995
0.5500000000000002 0.4 0.8493465599999999 0.339738624
0.5750000000000002 0.4 0.8743914379209999 0.3497565751684
0.6000000000000002 0.4 0.8962957994409999 0.3585183197764
0.6250000000000002 0.4 0.9111256118409999 0.3644502447364
0.6500000000000002 0.4 0.9223681599999999 0.368947264
0.6750000000000003 0.4 0.929920776976 0.3719683107904
0.7000000000000003 0.4 0.937519681536 0.3750078726144
0.7250000000000003 0.4 0.941336550625 0.37653462025
0.7500000000000003 0.4 0.945165062416 0.3780660249664
0.7750000000000004 0.4 0.9528571087359999 0.3811428434944
0.8000000000000004 0.4 0.956720690641 0.3826882762564
0.8250000000000004 0.4 0.96059601 0.384238404
0.8500000000000004 0.4 0.96059601 0.384238404
0.8750000000000004 0.4 0.96059601 0.384238404
0.9000000000000005 0.4 0.96059601 0.384238404
0.9250000000000005 0.4 0.96059601 0.384238404
0.9500000000000005 0.4 0.96059601 0.384238404
0.9750000000000005 0.4 0.96059601 0.384238404
1.0000000000000004 0.4000000000000001 0.96059601 0.38423840400000003
1.0250000000000006 0.4035714285714287 0.96059601 0.38766910403571436
1.0500000000000007 0.40714285714285725 0.96059601 0.39109980407142864
1.0750000000000006 0.4107142857142858 0.96059601 0.3945305041071429
1.1000000000000005 0.41428571428571437 0.96059601 0.3979612041428572
1.1250000000000007 0.417857142857143 0.96059601 0.4013919041785715
1.1500000000000008 0.42142857142857154 0.96059601 0.4048226042142858
1.1750000000000007 0.4250000000000001 0.96059601 0.40825330425000006
1.2000000000000006 0.42857142857142866 0.96059601 0.41168400428571433
1.2250000000000008 0.4321428571428573 0.96059601 0.41511470432142866
1.2500000000000009 0.43571428571428583 0.96059601 0.41854540435714294
1.2750000000000008 0.4392857142857144 0.96059601 0.4219761043928572
1.3000000000000007 0.44285714285714295 0.96059601 0.4254068044285715
1.3250000000000008 0.44642857142857156 0.96059601 0.4288375044642858
1.350000000000001 0.4500000000000002 0.96059601 0.43226820450000014
1.3750000000000009 0.45357142857142874 0.96059601 0.4356989045357144
1.4000000000000008 0.4571428571428573 0.96059601 0.4391296045714287
1.4250000000000007 0.46071428571428585 0.96059601 0.44256030460714296
1.450000000000001 0.4642857142857144 0.96059601 0.44599100464285724
1.475000000000001 0.46785714285714297 0.96059601 0.4494217046785715
1.5000000000000009 0.47142857142857153 0.96059601 0.4528524047142858
1.5250000000000008 0.4750000000000001 0.96059601 0.45628310475000006
1.5500000000000012 0.47857142857142876 0.96059601 0.45971380478571444
1.575000000000001 0.4821428571428573 0.96059601 0.4631445048214287
1.600000000000001 0.4857142857142859 0.96059601 0.466575204857143
1.6250000000000009 0.48928571428571443 0.96059601 0.47000590489285726
1.6500000000000012 0.49285714285714305 0.9605960099999995 0.47343660492857137
1.6750000000000012 0.4964285714285716 0.9528571087359995 0.47302549326537136
1.700000000000001 0.5 0.941336550625 0.4706682753125
1.725000000000001 0.5 0.941336550625 0.4706682753125
1.7500000000000013 0.5 0.941336550625 0.4706682753125
1.7750000000000012 0.5 0.941336550625 0.4706682753125
1.8000000000000012 0.5 0.941336550625 0.4706682753125
