slicersim/config/throughput_ViaviTeleBTSpec.ecsv
# %ECSV 1.0
# ---
# datatype:
# - {name: wavelength, unit: micron, datatype: float64}
# - {name: spectrograph, datatype: float64}
# - {name: telescope, datatype: float64}
# - {name: throughput, datatype: float64}
# meta: !!omap
# - spectrograph:
#     Bulk_trans_File: 0.95
#     Grating_trans_File: 1.0
#     LensCoating_trans_File: Transmission_Lib/AR_Fused_Silica_Coating_3068_400_2450.ecsv
#     Mirror_trans_File: /home/jlasker/SSciCode/BTThroughputs/IFSCandidateSilverCoatings26mr25.xlsx
#     n_lens: 5
#     n_mirrors: 5
#     wave_boundary: [0.35, 1.8]
#     wave_throughput: [0.5, 1.7]
# - telescope: {Mirror_trans_File: /home/jlasker/SSciCode/BTThroughputs/ViaviHighRCoatingThroughputTableIsolated.ods, n_mirrors: 4}
# schema: astropy-2.0
wavelength spectrograph telescope throughput
0.35 0.0012962923816305 0.9544141364817998 0.0012371997740418094
0.37500000000000033 0.03264278591142448 0.9736633300784001 0.03178308363355384
0.4 0.135316916353125 0.9829989346589 0.13301638461644938
0.42500000000000004 0.25046091231143797 0.9824856844815 0.24607426086816409
0.45000000000000007 0.3367483480709585 0.9737650553386 0.32791377379449904
0.4750000000000001 0.40892027172552003 0.9556178853971999 0.39077152536238985
0.5000000000000001 0.46503849001292447 0.9531086623066001 0.44323221313729966
0.5250000000000001 0.5217283517295187 0.9670234448982999 0.5045235479905911
0.5500000000000002 0.5711738711409379 0.9773608891654 0.5582430025663506
0.5750000000000002 0.6091812336654049 0.9810538243768001 0.5976395790260226
0.6000000000000002 0.6412424371086602 0.9826922175862001 0.6301439525326887
0.6250000000000002 0.6718171007816128 0.9810229985399999 0.6590680266792271
0.6500000000000002 0.6851534439562402 0.9785415187027 0.6704510915933246
0.6750000000000003 0.6941802070062867 0.9743939024028998 0.6764049608757084
0.7000000000000003 0.703206970056333 0.9695866132022001 0.6818200644771009
0.7250000000000003 0.7055975338628411 0.9685893973918 0.6834342901253495
0.7500000000000003 0.7079880976693491 0.968984357477929 0.6860293919221555
0.7750000000000004 0.710378661475857 0.9701918878419831 0.6892036146599227
0.8000000000000004 0.7127692252823651 0.971857248024597 0.6927099377595434
0.8250000000000004 0.7151597890888731 0.9738683038386191 0.6964714507735654
0.8500000000000004 0.7175503528953808 0.976112921096896 0.7004101709988187
0.8750000000000004 0.7033095581986496 0.978478965612274 0.6881736090114401
0.9000000000000005 0.6890687635019185 0.9808543031975999 0.675876061879906
0.9250000000000005 0.6748279688051873 0.983126799665721 0.6634414612963627
0.9500000000000005 0.660587174108456 0.9855693178168 0.6510544505445987
0.9750000000000005 0.6463463794117249 0.9874915885354001 0.6382616129493887
1.0000000000000004 0.632105584714994 0.9883746699081 0.6247571486397487
1.0250000000000006 0.6291302628396093 0.9893587623219999 0.6224355381823103
1.0500000000000007 0.6261549409642246 0.9895118093541 0.6195877085695196
1.0750000000000006 0.6231796190888399 0.9899847246819 0.6169383036310365
1.1000000000000005 0.6202042972134553 0.9904117259005 0.6142576084140848
1.1250000000000007 0.6172289753380706 0.9904698837727 0.6113467114642415
1.1500000000000008 0.614253653462686 0.991007078854 0.6087297187934536
1.1750000000000007 0.614253653462686 0.9904943712975001 0.6084147863037157
1.2000000000000006 0.614253653462686 0.9909519819224001 0.6086958753019238
1.2250000000000008 0.614253653462686 0.9903153062705998 0.6083047949567348
1.2500000000000009 0.614253653462686 0.990502023649 0.608419486788582
1.2750000000000008 0.614253653462686 0.9900918576038998 0.608167540796853
1.3000000000000007 0.614253653462686 0.9895286445275999 0.6078215851070577
1.3250000000000008 0.614253653462686 0.9893939631392 0.6077388565721797
1.350000000000001 0.614253653462686 0.9893511099705999 0.6077125338568047
1.3750000000000009 0.614253653462686 0.9893097872721002 0.6076871512382802
1.4000000000000008 0.614253653462686 0.9890434854365999 0.6075235743629004
1.4250000000000007 0.614253653462686 0.9892898911576999 0.6076749299773202
1.450000000000001 0.614253653462686 0.9884833333009 0.6071794988670518
1.475000000000001 0.614253653462686 0.9873232368003 0.6064669053531889
1.5000000000000009 0.614253653462686 0.9868549128831 0.6061792356760449
1.5250000000000008 0.614253653462686 0.986749310431 0.6061143689840278
1.5500000000000012 0.614253653462686 0.9856152319262 0.605417757119141
1.575000000000001 0.614253653462686 0.9848499967678002 0.6049477086273357
1.600000000000001 0.614253653462686 0.9841383280703999 0.6045105635299026
1.6250000000000009 0.614253653462686 0.9829170127568 0.603760366136494
1.6500000000000012 0.614253653462686 0.9831618880079002 0.6039107816541248
1.6750000000000012 0.614253653462686 0.9824609326027001 0.6034802172355662
1.700000000000001 0.614253653462686 0.9823446168580998 0.6034087698644903
1.725000000000001 0.614253653462686 0.9819604688088 0.6031728055217372
1.7500000000000013 0.614253653462686 0.9799019862318996 0.601908375078287
1.7750000000000012 0.614253653462686 0.9802295068802999 0.6021095558331513
1.8000000000000012 0.614253653462686 0.9799861620993 0.601960080412371
