slicersim/config/throughput_BTBaseline.ecsv
# %ECSV 1.0
# ---
# datatype:
# - {name: wavelength, unit: micron, datatype: float64}
# - {name: spectrograph, datatype: float64}
# - {name: telescope, datatype: float64}
# - {name: throughput, datatype: float64}
# meta: !!omap
# - spectrograph:
#     Bulk_trans_File: 0.95
#     Grating_trans_File: 1.0
#     LensCoating_trans_File: Transmission_Lib/AR_Fused_Silica_Coating_3068_400_2450.ecsv
#     Mirror_trans_File: /home/jlasker/SSciCode/BTThroughputs/IFSCandidateSilverCoatings26mr25.xlsx
#     n_lens: 5
#     n_mirrors: 5
#     wave_boundary: [0.4, 1.8]
#     wave_throughput: [0.5, 1.7]
# - telescope: {Mirror_trans_File: Transmission_Lib/EPSilver_RMI_0deg.ecsv, n_mirrors: 4}
# schema: astropy-2.0
wavelength spectrograph telescope throughput
0.4 0.135316916353125 0.7480520100000002 0.10122409126495706
0.42500000000000004 0.25046091231143797 0.7642693506250001 0.19141959880920778
0.45000000000000007 0.3367483480709585 0.7807489599999998 0.2629159225381188
0.4750000000000001 0.40892027172552003 0.7974936506249999 0.32611132031295187
0.5000000000000001 0.46503849001292447 0.8145062499999999 0.3787767566060895
0.5250000000000001 0.5217283517295187 0.8317896006249998 0.4339682173198358
0.5500000000000002 0.5711738711409379 0.8493465599999999 0.4851245626154388
0.5750000000000002 0.6091812336654049 0.8743914379209999 0.5326628548591821
0.6000000000000002 0.6412424371086602 0.8962957994409999 0.5747429028038017
0.6250000000000002 0.6718171007816128 0.9111256118409999 0.6121097669948937
0.6500000000000002 0.6851534439562402 0.9223681599999999 0.6319637214195803
0.6750000000000003 0.6941802070062867 0.929920776976 0.6455325974606466
0.7000000000000003 0.703206970056333 0.937519681536 0.6592703746211088
0.7250000000000003 0.7055975338628411 0.941336550625 0.6642047486559535
0.7500000000000003 0.7079880976693491 0.945165062416 0.6691656145234355
0.7750000000000004 0.710378661475857 0.9528571087359999 0.6768893574816348
0.8000000000000004 0.7127692252823651 0.956720690641 0.6819210654797948
0.8250000000000004 0.7151597890888731 0.96059601 0.686979639911213
0.8500000000000004 0.7175503528953808 0.96059601 0.6892760059653947
0.8750000000000004 0.7033095581986496 0.96059601 0.6755963554004856
0.9000000000000005 0.6890687635019185 0.96059601 0.6619167048355765
0.9250000000000005 0.6748279688051873 0.96059601 0.6482370542706674
0.9500000000000005 0.660587174108456 0.96059601 0.6345574037057581
0.9750000000000005 0.6463463794117249 0.96059601 0.620877753140849
1.0000000000000004 0.632105584714994 0.96059601 0.6071981025759402
1.0250000000000006 0.6291302628396093 0.96059601 0.6043400202539799
1.0500000000000007 0.6261549409642246 0.96059601 0.6014819379320197
1.0750000000000006 0.6231796190888399 0.96059601 0.5986238556100594
1.1000000000000005 0.6202042972134553 0.96059601 0.5957657732880992
1.1250000000000007 0.6172289753380706 0.96059601 0.592907690966139
1.1500000000000008 0.614253653462686 0.96059601 0.5900496086441789
1.1750000000000007 0.614253653462686 0.96059601 0.5900496086441789
1.2000000000000006 0.614253653462686 0.96059601 0.5900496086441789
1.2250000000000008 0.614253653462686 0.96059601 0.5900496086441789
1.2500000000000009 0.614253653462686 0.96059601 0.5900496086441789
1.2750000000000008 0.614253653462686 0.96059601 0.5900496086441789
1.3000000000000007 0.614253653462686 0.96059601 0.5900496086441789
1.3250000000000008 0.614253653462686 0.96059601 0.5900496086441789
1.350000000000001 0.614253653462686 0.96059601 0.5900496086441789
1.3750000000000009 0.614253653462686 0.96059601 0.5900496086441789
1.4000000000000008 0.614253653462686 0.96059601 0.5900496086441789
1.4250000000000007 0.614253653462686 0.96059601 0.5900496086441789
1.450000000000001 0.614253653462686 0.96059601 0.5900496086441789
1.475000000000001 0.614253653462686 0.96059601 0.5900496086441789
1.5000000000000009 0.614253653462686 0.96059601 0.5900496086441789
1.5250000000000008 0.614253653462686 0.96059601 0.5900496086441789
1.5500000000000012 0.614253653462686 0.96059601 0.5900496086441789
1.575000000000001 0.614253653462686 0.96059601 0.5900496086441789
1.600000000000001 0.614253653462686 0.96059601 0.5900496086441789
1.6250000000000009 0.614253653462686 0.96059601 0.5900496086441789
1.6500000000000012 0.614253653462686 0.9605960099999995 0.5900496086441785
1.6750000000000012 0.614253653462686 0.9528571087359995 0.5852959602689796
1.700000000000001 0.614253653462686 0.941336550625 0.5782194153593689
1.725000000000001 0.614253653462686 0.941336550625 0.5782194153593689
1.7500000000000013 0.614253653462686 0.941336550625 0.5782194153593689
1.7750000000000012 0.614253653462686 0.941336550625 0.5782194153593689
1.8000000000000012 0.614253653462686 0.941336550625 0.5782194153593689
