slicersim/config/throughput_requirementsAndViavi.ecsv
# %ECSV 1.0
# ---
# datatype:
# - {name: wavelength, unit: micron, datatype: float64}
# - {name: spectrograph, datatype: float64}
# - {name: telescope, datatype: float64}
# - {name: throughput, datatype: float64}
# meta: !!omap
# - spectrograph:
#     Bulk_trans_File: 0.95
#     Grating_trans_File: 1.0
#     LensCoating_trans_File: Transmission_Lib/AR_Fused_Silica_Coating_3068_400_2450.ecsv
#     Mirror_trans_File: /home/jlasker/SSciCode/BTThroughputs/IFSCandidateSilverCoatings26mr25.xlsx
#     n_lens: 5
#     n_mirrors: 5
#     wave_boundary: [0.35, 1.8]
#     wave_throughput: [0.5, 1.7]
# - telescope: {Mirror_trans_File: /home/jlasker/SSciCode/BTThroughputs/ViaviHighRCoatingThroughputTableIsolated.ods, n_mirrors: 4}
# schema: astropy-2.0
wavelength spectrograph telescope throughput
0.35 0.05 0.9544141364817998 0.04772070682408999
0.37500000000000033 0.22500000000000236 0.9736633300784001 0.21907424926764232
0.4 0.4 0.9829989346589 0.39319957386356
0.42500000000000004 0.4 0.9824856844815 0.3929942737926
0.45000000000000007 0.4 0.9737650553386 0.38950602213544006
0.4750000000000001 0.4 0.9556178853971999 0.38224715415888
0.5000000000000001 0.4 0.9531086623066001 0.38124346492264005
0.5250000000000001 0.4 0.9670234448982999 0.38680937795932
0.5500000000000002 0.4 0.9773608891654 0.39094435566616004
0.5750000000000002 0.4 0.9810538243768001 0.3924215297507201
0.6000000000000002 0.4 0.9826922175862001 0.39307688703448007
0.6250000000000002 0.4 0.9810229985399999 0.39240919941599994
0.6500000000000002 0.4 0.9785415187027 0.39141660748108004
0.6750000000000003 0.4 0.9743939024028998 0.38975756096115993
0.7000000000000003 0.4 0.9695866132022001 0.3878346452808801
0.7250000000000003 0.4 0.9685893973918 0.38743575895672006
0.7500000000000003 0.4 0.968984357477929 0.3875937429911716
0.7750000000000004 0.4 0.9701918878419831 0.38807675513679324
0.8000000000000004 0.4 0.971857248024597 0.38874289920983884
0.8250000000000004 0.4 0.9738683038386191 0.3895473215354477
0.8500000000000004 0.4 0.976112921096896 0.3904451684387584
0.8750000000000004 0.4 0.978478965612274 0.3913915862449096
0.9000000000000005 0.4 0.9808543031975999 0.39234172127904
0.9250000000000005 0.4 0.983126799665721 0.39325071986628846
0.9500000000000005 0.4 0.9855693178168 0.39422772712672005
0.9750000000000005 0.4 0.9874915885354001 0.3949966354141601
1.0000000000000004 0.4000000000000001 0.9883746699081 0.39534986796324006
1.0250000000000006 0.4035714285714287 0.9893587623219999 0.3992769290799501
1.0500000000000007 0.40714285714285725 0.9895118093541 0.40287266523702653
1.0750000000000006 0.4107142857142858 0.9899847246819 0.40660086906578047
1.1000000000000005 0.41428571428571437 0.9904117259005 0.4103134293016358
1.1250000000000007 0.417857142857143 0.9904698837727 0.4138749157193069
1.1500000000000008 0.42142857142857154 0.991007078854 0.41763869751704297
1.1750000000000007 0.4250000000000001 0.9904943712975001 0.4209601078014376
1.2000000000000006 0.42857142857142866 0.9909519819224001 0.42469370653817157
1.2250000000000008 0.4321428571428573 0.9903153062705998 0.4279576859240808
1.2500000000000009 0.43571428571428583 0.990502023649 0.43157588173277867
1.2750000000000008 0.4392857142857144 0.9900918576038998 0.43493320887599896
1.3000000000000007 0.44285714285714295 0.9895286445275999 0.43821982829079437
1.3250000000000008 0.44642857142857156 0.9893939631392 0.44169373354428587
1.350000000000001 0.4500000000000002 0.9893511099705999 0.44520799948677015
1.3750000000000009 0.45357142857142874 0.9893097872721002 0.44872265351270274
1.4000000000000008 0.4571428571428573 0.9890434854365999 0.45213416477101726
1.4250000000000007 0.46071428571428585 0.9892898911576999 0.45577998556908333
1.450000000000001 0.4642857142857144 0.9884833333009 0.4589386904611323
1.475000000000001 0.46785714285714297 0.9873232368003 0.46192622864585475
1.5000000000000009 0.47142857142857153 0.9868549128831 0.46523160178774725
1.5250000000000008 0.4750000000000001 0.986749310431 0.4687059224547251
1.5500000000000012 0.47857142857142876 0.9856152319262 0.47168728956468164
1.575000000000001 0.4821428571428573 0.9848499967678002 0.474838391298761
1.600000000000001 0.4857142857142859 0.9841383280703999 0.47801004506276584
1.6250000000000009 0.48928571428571443 0.9829170127568 0.48092725267029157
1.6500000000000012 0.49285714285714305 0.9831618880079002 0.48455835908960815
1.6750000000000012 0.4964285714285716 0.9824609326027001 0.4877216772563406
1.700000000000001 0.5 0.9823446168580998 0.4911723084290499
1.725000000000001 0.5 0.9819604688088 0.4909802344044
1.7500000000000013 0.5 0.9799019862318996 0.4899509931159498
1.7750000000000012 0.5 0.9802295068802999 0.49011475344014993
1.8000000000000012 0.5 0.9799861620993 0.48999308104965
