slicersim/config/throughput_BalzersVisAgCoatings.ecsv
# %ECSV 1.0
# ---
# datatype:
# - {name: wavelength, unit: micron, datatype: float64}
# - {name: spectrograph, datatype: float64}
# - {name: telescope, datatype: float64}
# - {name: throughput, datatype: float64}
# meta: !!omap
# - spectrograph:
#     Bulk_trans_File: 0.95
#     Grating_trans_File: 1.0
#     LensCoating_trans_File: Transmission_Lib/AR_Fused_Silica_Coating_3068_400_2450.ecsv
#     Mirror_trans_File: /home/jlasker/SSciCode/BTThroughputs/IFSCandidateSilverCoatings26mr25.xlsx
#     n_lens: 5
#     n_mirrors: 5
#     wave_boundary: [0.4, 1.8]
#     wave_throughput: [0.5, 1.7]
# - telescope: {Mirror_trans_File: Transmission_Lib/EPSilver_RMI_0deg.ecsv, n_mirrors: 4}
# schema: astropy-2.0
wavelength spectrograph telescope throughput
0.4 0.232246429701547 0.7480520100000002 0.17373240855356598
0.42500000000000004 0.4082781013044676 0.7642693506250001 0.3120344393583735
0.45000000000000007 0.4243255592652596 0.7807489599999998 0.3312917390977697
0.4750000000000001 0.6461247974100309 0.7974936506249999 0.515280423445864
0.5000000000000001 0.6142835950812409 0.8145062499999999 0.5003378274661399
0.5250000000000001 0.6226276151491321 0.8317896006249998 0.5178951753429927
0.5500000000000002 0.6614642584480389 0.8493465599999999 0.5618123924757927
0.5750000000000002 0.7058546141967885 0.8743914379209999 0.6171932310707026
0.6000000000000002 0.7101430342761972 0.8962957994409999 0.6364982186240415
0.6250000000000002 0.7044059704382711 0.9111256118409999 0.6418023208000231
0.6500000000000002 0.7070266758960397 0.9223681599999999 0.6521388941171464
0.6750000000000003 0.711736823677732 0.929920776976 0.6618588600768268
0.7000000000000003 0.7164469714594239 0.937519681536 0.6716831365200707
0.7250000000000003 0.7045972546125697 0.941336550625 0.6632631492368413
0.7500000000000003 0.6927475377657155 0.945165062416 0.6547607697708628
0.7750000000000004 0.6808978209188614 0.9528571087359999 0.6487983289853889
0.8000000000000004 0.6690481040720072 0.956720690641 0.6400921641998224
0.8250000000000004 0.657198387225153 0.96059601 0.6313021485469169
0.8500000000000004 0.6453486703782988 0.96059601 0.6199193578241989
0.8750000000000004 0.6340101364194186 0.96059601 0.6090276073440491
0.9000000000000005 0.6226716024605384 0.96059601 0.5981358568638994
0.9250000000000005 0.6113330685016582 0.96059601 0.5872441063837496
0.9500000000000005 0.5999945345427782 0.96059601 0.5763523559035999
0.9750000000000005 0.588656000583898 0.96059601 0.56546060542345
1.0000000000000004 0.5773174666250181 0.96059601 0.5545688549433005
1.0250000000000006 0.5846608091025886 0.96059601 0.5616228404273182
1.0500000000000007 0.5920041515801588 0.96059601 0.5686768259113357
1.0750000000000006 0.5993474940577291 0.96059601 0.5757308113953533
1.1000000000000005 0.6066908365352994 0.96059601 0.5827847968793708
1.1250000000000007 0.6140341790128698 0.96059601 0.5898387823633885
1.1500000000000008 0.6213775214904402 0.96059601 0.5968927678474061
1.1750000000000007 0.6277522504324061 0.96059601 0.6030163070338901
1.2000000000000006 0.6341269793743721 0.96059601 0.6091398462203741
1.2250000000000008 0.6405017083163381 0.96059601 0.6152633854068582
1.2500000000000009 0.6468764372583042 0.96059601 0.6213869245933423
1.2750000000000008 0.6532511662002702 0.96059601 0.6275104637798264
1.3000000000000007 0.6596258951422361 0.96059601 0.6336340029663103
1.3250000000000008 0.6660006240842022 0.96059601 0.6397575421527946
1.350000000000001 0.6723753530261682 0.96059601 0.6458810813392786
1.3750000000000009 0.6792188019546962 0.96059601 0.6524548710746614
1.4000000000000008 0.6860622508832241 0.96059601 0.6590286608100441
1.4250000000000007 0.692905699811752 0.96059601 0.6656024505454267
1.450000000000001 0.69974914874028 0.96059601 0.6721762402808095
1.475000000000001 0.706592597668808 0.96059601 0.6787500300161923
1.5000000000000009 0.7134360465973358 0.96059601 0.6853238197515749
1.5250000000000008 0.7202794955258638 0.96059601 0.6918976094869576
1.5500000000000012 0.7271229444543919 0.96059601 0.6984713992223404
1.575000000000001 0.7339663933829197 0.96059601 0.7050451889577231
1.600000000000001 0.7408098423114476 0.96059601 0.7116189786931058
1.6250000000000009 0.7476532912399756 0.96059601 0.7181927684284884
1.6500000000000012 0.7544967401685037 0.9605960099999995 0.7247665581638709
1.6750000000000012 0.7613401890970315 0.9528571087359995 0.7254484113475166
1.700000000000001 0.7681836380255594 0.941336550625 0.7231193360655437
1.725000000000001 0.7750270869540874 0.941336550625 0.7295613246743026
1.7500000000000013 0.781870535882615 0.941336550625 0.7360033132830611
1.7750000000000012 0.781870535882615 0.941336550625 0.7360033132830611
1.8000000000000012 0.781870535882615 0.941336550625 0.7360033132830611
