lbda,transmission,R,A
4000.0,0.20723552007033308,0.6693109557725619,0.12345352415710496
4001.0,0.19551461271669687,0.6843846116477857,0.12010077563551738
4002.0,0.18477852836209577,0.698300407319175,0.11692106431872924
4003.000000000001,0.1749339112144379,0.711161233341915,0.11390485544364712
4004.000000000001,0.1658964028064376,0.7230610172659342,0.11104257992762807
4005.0000000000005,0.15758999300728577,0.7340851692687733,0.10832483772394091
4006.0000000000014,0.14994632777955405,0.7443111378734533,0.10574253434699268
4007.000000000002,0.1429040149806218,0.7538090167897344,0.10328696822964376
4008.000000000002,0.13640795401656136,0.7626421637006247,0.10094988228281399
4009.0000000000014,0.1304087044952114,0.7708678057971027,0.09872348970768591
4010.0000000000023,0.12486190181380911,0.7785376166188059,0.09660048156738495
4011.0000000000027,0.11972772284047128,0.7856982554688998,0.09457402169062888
4012.0000000000023,0.11497040177282623,0.7923918652097719,0.09263773301740184
4013.0000000000027,0.11055779435441156,0.7986565272491357,0.09078567839645273
4014.000000000003,0.10646098752599914,0.8045266744537498,0.08901233802025103
4015.0000000000036,0.10265395102152652,0.8100334639102084,0.08731258506826511
4016.000000000003,0.09911322720279568,0.8152051121246442,0.08568166067256011
4017.0000000000036,0.0958176554367264,0.8200671955813716,0.08411514898190184
4018.000000000004,0.0927481274661555,0.8246429196820938,0.08260895285175082
4019.0000000000036,0.0898873704514338,0.828953359042888,0.08115927050567816
4020.0000000000045,0.08721975462573503,0.8330176719927639,0.0797625733815012
4021.0000000000045,0.08473112278662431,0.8368532919329893,0.07841558528038639
4022.000000000005,0.08240863912365759,0.8404760980067629,0.07711526286957958
4023.0000000000045,0.08024065514677128,0.8439005673110496,0.07585877754217915
4024.0000000000055,0.07821659072742836,0.8471399106674522,0.07464349860511944
4025.0000000000055,0.0763268284911773,0.8502061937635985,0.07346697774522416
4026.0000000000055,0.07456262000568502,0.8531104452844321,0.07232693470988283
4027.0000000000064,0.0729160023927158,0.855862753475921,0.0712212441313632
4028.0000000000064,0.07137972415699527,0.8584723524227115,0.07014792342029315
4029.0000000000064,0.06994717917084331,0.8609476991758706,0.06910512165328614
4030.0000000000064,0.06861234788253559,0.8632965427363412,0.06809110938112337
4031.0000000000073,0.06736974493010855,0.8655259857833195,0.06710426928657193
4032.0000000000073,0.06621437244250525,0.8676425399329432,0.06614308762455148
4033.000000000007,0.06514167839797738,0.869652175220649,0.06520614638137365
4034.0000000000077,0.06414751948700312,0.8715603644188958,0.06429211609410104
4035.000000000008,0.06322812799490123,0.8733721227296685,0.06339974927543031
4036.000000000008,0.06238008227900069,0.8750920433271874,0.06252787439381194
4037.0000000000077,0.06160028046769032,0.8767243291695819,0.06167539036272781
4038.0000000000086,0.06088591705482622,0.8782728214481553,0.060841261497018344
4039.000000000009,0.06023446210369934,0.8797410249983286,0.06002451289797203
4040.0000000000086,0.059643642810679826,0.8811321309568764,0.05922422623244392
4041.000000000009,0.05911142721049925,0.8824490369148776,0.05843953587462311
4042.0000000000095,0.058636009833377675,0.883694364784424,0.057669625382198345
4043.00000000001,0.05821579914941288,0.8848704765689862,0.0569137242816008
4044.0000000000095,0.057849406658188725,0.8859794882021015,0.056171105139709784
4045.00000000001,0.057535637501889905,0.8870232815961099,0.055441080902000214
4046.0000000000105,0.05727348249860481,0.8880035150219024,0.054723002479492855
4047.00000000001,0.05706211150930048,0.8889216319215616,0.05401625656913792
4048.0000000000114,0.05690086806743836,0.8897788682381227,0.05332026369443884
4049.000000000011,0.05678926521459486,0.8905762583302095,0.05263447645519566
4050.0000000000114,0.05672698249901481,0.8913146395237561,0.05195837797722896
4051.000000000011,0.05671386410694683,0.8919946553380965,0.05129148055495664
4052.000000000012,0.05674991810911683,0.8926167574092777,0.05063332448160535
4053.000000000012,0.05683531681695671,0.8931812061192046,0.04998347706383859
4054.0000000000123,0.05697039825544081,0.89368806992499,0.04934153181956923
4055.000000000013,0.05715566877175893,0.8941372233684323,0.04870710785980881
4056.0000000000127,0.0573918068117892,0.894528343730616,0.04807984945759473
4057.0000000000127,0.05767966790961543,0.8948609062810067,0.04745942580937789
4058.0000000000127,0.05802029094939396,0.8951341780538524,0.0468455309967535
4059.0000000000136,0.058414905773928445,0.895347210066869,0.04623788415920253
4060.0000000000136,0.05886494223064211,0.8954988278777927,0.04563622989156522
4061.0000000000136,0.05937204076349365,0.8955876203531393,0.04504033888336692
4062.0000000000146,0.05993806467912263,0.8956119264998694,0.04445000882100794
4063.0000000000146,0.06056511423745499,0.8955698201843766,0.04386506557816842
4064.0000000000146,0.06125554274157658,0.8954590925335832,0.04328536472484028
4065.000000000014,0.06201197482936072,0.8952772317795101,0.042710793391129154
4066.000000000015,0.06283732720064202,0.8950214002707017,0.042141272528656334
4067.0000000000155,0.06373483204926357,0.8946884083305889,0.041576759620147494
4068.0000000000155,0.06470806350984545,0.8942746845933424,0.041017251896812074
4069.0000000000164,0.06576096747539714,0.893776242390912,0.040462790133690835
4070.000000000016,0.06689789519491274,0.8931886416995429,0.03991346310554433
4071.0000000000164,0.06812364112093795,0.8925069460786128,0.03936941280044924
4072.000000000016,0.0694434855470361,0.8917256739474978,0.038830840505466105
4073.0000000000164,0.07086324265564739,0.8908387434452655,0.03829801389908713
4074.000000000017,0.0723893146895963,0.8898394100011257,0.03777127530927804
4075.0000000000173,0.07402875306757943,0.8887201956078716,0.037251051324548826
4076.0000000000177,0.07578932738742974,0.8874728086330358,0.03673786397953435
4077.0000000000173,0.07767960340344449,0.8860880528194212,0.03623234377713446
4078.0000000000177,0.07970903122838816,0.8845557239138998,0.03573524485771204
4079.0000000000173,0.08188804520010201,0.8828644921161524,0.035247462683745734
4080.000000000018,0.0842281770705327,0.8810017682517787,0.03477005467768862
4081.000000000018,0.08674218442493455,0.8789535512411849,0.03430426433388044
4082.0000000000186,0.08944419652515347,0.876704254049734,0.03385154942511258
4083.0000000000196,0.09234988009653984,0.8742365048592317,0.03341361504422849
4084.000000000019,0.09547662794670816,0.8715309196882993,0.03299245236499253
4085.000000000019,0.09884377371793439,0.8685658421026654,0.03259038417940009
4086.000000000019,0.10247283653337896,0.8653170449904481,0.032210118476172875
4087.00000000002,0.10638779979711936,0.8617573886286252,0.03185481157425546
4088.00000000002,0.11061542893950185,0.8578564284371571,0.031528142623340985
4089.00000000002,0.11518563344398708,0.8535799649166026,0.03123440163941031
4090.000000000021,0.12013187901652184,0.8488895273170822,0.030978593666395937
4091.000000000021,0.12549165620830463,0.8437417816369467,0.030766562154748572
4092.000000000021,0.13130701209044485,0.8380878526769518,0.030605135232603303
4093.0000000000205,0.1376251515663695,0.83187254921251,0.030502299221120605
4094.0000000000214,0.14449911438592444,0.8250334811018283,0.030467404512247276
4095.000000000022,0.1519885325751677,0.8175000576518828,0.03051140977294947
4096.000000000022,0.16016047034404662,0.8091923583228019,0.03064717133315148
4097.000000000023,0.16909034387729635,0.8000198706335427,0.03088978548916088
4098.000000000022,0.17886291072311059,0.7898800970885462,0.031256992188343186
4099.000000000023,0.18957330627532665,0.7786570447826909,0.03176964894198253
4100.000000000022,0.20132808595650917,0.7662196305557651,0.03245228348772569
4101.000000000023,0.2142462031226691,0.7524200647601905,0.033333732117140275
4102.000000000024,0.22845981022386191,0.7370923229839098,0.03444786679222839
4103.000000000024,0.24411470868479,0.7200508845157115,0.03583440679949848
4104.000000000025,0.26137018391577505,0.701090018455993,0.03753979762823201
4105.000000000024,0.28039783674380325,0.6799840453186542,0.03961811793754255
4106.000000000024,0.3013788513302775,0.6564892080964781,0.042131940573244375
4107.000000000024,0.32449891354607346,0.6303480665914727,0.04515301986245385
4108.000000000025,0.3499397103941594,0.6012976917483872,0.048762597857453405
4109.000000000025,0.37786561454335105,0.5690833757941983,0.05305100966245063
4110.0000000000255,0.40840383737414393,0.5334800445337211,0.05811611809213496
4111.0000000000255,0.44161613256866034,0.49432394192319234,0.06405992550814738
4112.0000000000255,0.47746026905067857,0.45155720931054366,0.07098252163877777
4113.0000000000255,0.5157403340316767,0.4052872697632873,0.07897239620503604
4114.0000000000255,0.5560470006965891,0.35586079600889137,0.08809220329451961
4115.000000000026,0.5976927927337552,0.30394768799954186,0.09835951926670294
4116.000000000026,0.6396534358618786,0.2506233104115239,0.10972325372659752
4117.000000000026,0.6805340224334452,0.1974276137710662,0.1220383637954886
4118.000000000027,0.7185854999146875,0.14637021755725033,0.13504428252806222
4119.000000000027,0.7517980565870673,0.09984672136831017,0.14835522204462248
4120.000000000027,0.7780870553371042,0.06044136798687589,0.16147157667601997
4121.000000000027,0.7955606177392989,0.03062047517962652,0.1738189070810746
4122.000000000027,0.802820878488952,0.01236578397122812,0.18481333753981988
4123.000000000028,0.7992201980129096,0.006838308541155242,0.19394149344593525
4124.000000000028,0.7849910101992805,0.01417444226458505,0.20083454753613447
4125.000000000029,0.7612036576895653,0.03348104306377462,0.20531529924666017
4126.000000000029,0.7295664580015812,0.06302737519504446,0.2074061668033745
4127.000000000029,0.6921346752096185,0.1005653135165483,0.20730001127383324
4128.000000000028,0.6510138025500727,0.14367894704825832,0.20530725040166897
4129.000000000029,0.6081247011255727,0.1900786072055657,0.2017966916688616
4130.000000000029,0.5650613484795233,0.23779448494629785,0.19714416657417888
4131.00000000003,0.5230377299979347,0.2852660445108489,0.19169622549121632
4132.000000000031,0.48290071122386863,0.3313494738837398,0.1857498148923915
4133.00000000003,0.44522827979660173,0.3752588485310549,0.17951287167234337
4134.000000000031,0.41042970299131687,0.4164945023903901,0.17307579461829303
4135.00000000003,0.378390157769789,0.454897289469314,0.16671255276089697
4136.000000000031,0.34907950483541983,0.4904034226688188,0.1605170724957614
4137.000000000031,0.32238554870055813,0.5230631971286883,0.1545512541707535
4138.000000000031,0.2981474846062392,0.552999887527433,0.1488526278663278
4139.000000000032,0.27617979062245107,0.580379450567321,0.14344075881022794
4140.000000000032,0.2562885277563281,0.6053891132217307,0.13832235902194115
4141.000000000032,0.2382819351753463,0.6282228360418796,0.13349522878277414
4142.000000000032,0.22197691618835805,0.6490718677735338,0.1289512160381082
4143.000000000033,0.20720266737026824,0.6681189427089692,0.12467838992076256
4144.000000000033,0.19380238638953765,0.6855350079232868,0.12066260568717554
4145.000000000033,0.1816337326626385,0.7014776578069104,0.1168886095304511
4146.000000000033,0.17056851284258695,0.716090685255012,0.11334080190240108
4147.000000000034,0.16049191344715744,0.7295043353356385,0.11000375121720392
4148.000000000034,0.15130149540202556,0.7418359770692856,0.10686252752868881
4149.000000000034,0.14290608984247044,0.7531910021172813,0.10390290804024827
4150.000000000035,0.13522468263817516,0.7636638247575684,0.1011114926042564
4151.000000000035,0.1281853400671802,0.7733389029369971,0.09847575699582269
4152.000000000035,0.12172420483202784,0.7822917311586586,0.09598406400931357
4153.000000000035,0.11578457652412955,0.790589776756623,0.09362564671924745
4154.000000000035,0.11031608109730145,0.798293344829415,0.09139057407328349
4155.0000000000355,0.1052739280865294,0.8054563659596553,0.08926970595381517
4156.0000000000355,0.10061825094469108,0.8121271063986365,0.0872546426566724
4157.0000000000355,0.09631352410867648,0.8183488037260227,0.0853376721653008
4158.000000000036,0.0923280496654636,0.8241602328559663,0.08351171747857022
4159.000000000036,0.08863350637948723,0.8295962081639939,0.08177028545651883
4160.0000000000355,0.08520455410758901,0.8346880278022953,0.08010741809011565
4161.000000000036,0.08201848709869006,0.8394638661889969,0.07851764671231301
4162.000000000036,0.07905493024495126,0.8439491203545434,0.07699594940050535
4163.000000000037,0.07629557295149848,0.8481667154086652,0.07553771163983644
4164.000000000036,0.07372393588257414,0.8521373739196483,0.07413869019777758
4165.000000000037,0.0713251663996936,0.8558798535155737,0.07279498008473269
4166.000000000038,0.0690858590201691,0.8594111565496892,0.07150298443014154
4167.000000000037,0.06699389768730456,0.8627467152334564,0.07025938707923919
4168.000000000038,0.06503831705624473,0.8659005552380074,0.06906112770574792
4169.000000000038,0.06320918036390567,0.8688854404007477,0.06790537923534666
4170.000000000038,0.06149747177112731,0.8717130008481763,0.06678952738069631
4171.000000000038,0.059895001344277846,0.8743938465572928,0.06571115209842936
4172.000000000039,0.058394321086308654,0.8769376681232172,0.0646680107904743
4173.000000000039,0.05698865063788677,0.8793533262770883,0.06365802308502483
4174.000000000039,0.05567181145165645,0.8816489315026038,0.06267925704573973
4175.00000000004,0.05443816840052306,0.8838319149286505,0.0617299166708264
4176.00000000004,0.05328257791728826,0.8859090915265261,0.06080833055618566
4177.00000000004,0.0522003418809612,0.8878867165103927,0.05991294160864605
4178.00000000004,0.05118716656700304,0.889770535726738,0.05904229770625893
4179.000000000041,0.05023912606697781,0.8915658307202072,0.05819504321281496
4180.000000000041,0.04935262965939904,0.8932774590776048,0.05736991126299614
4181.000000000041,0.048524392679633065,0.8949098905773801,0.056565716742986806
4182.000000000042,0.04775141049404135,0.8964672396068702,0.0557813498990884
4183.000000000042,0.04703093523325089,0.8979532942530506,0.05501577051369863
4184.000000000042,0.0463604549826601,0.899371542423017,0.05426800259432292
4185.000000000042,0.04573767516588965,0.9007251953072904,0.05353712952681979
4186.000000000042,0.04516050188966075,0.9020172084611768,0.05282228964916253
4187.000000000043,0.04462702704721501,0.9032503007463148,0.05212267220647014
4188.000000000042,0.04413551500240561,0.9044269713454416,0.0514375136521528
4189.000000000043,0.04368439069856769,0.9055495150378037,0.050766094263628624
4190.000000000044,0.04327222905554729,0.9066200359001104,0.050107735044342176
4191.000000000044,0.042897745535282646,0.9076404595779629,0.04946179488675445
4192.000000000043,0.04255978777136077,0.9086125442550425,0.04882766797359689
4193.000000000044,0.04225732817130463,0.9095378904316053,0.048204781397090224
4194.000000000044,0.04198945741222183,0.9104179496098361,0.04759259297794194
4195.000000000044,0.04175537876108021,0.9112540319710228,0.046990589267896954
4196.000000000045,0.04155440316043621,0.9120473131181782,0.046398283721385575
4197.000000000045,0.04138594502910192,0.9127988399474997,0.045815215023398526
4198.0000000000455,0.04124951873513674,0.913509535702664,0.04524094556219923
4199.000000000045,0.04114473570581346,0.9141802042573405,0.044675060036846063
4200.0000000000455,0.041071302145950526,0.9148115336633205,0.04411716419072901
4201.0000000000455,0.041029017342334134,0.91540409899416,0.04356688366350589
4202.0000000000455,0.04101777253796099,0.9159583645071213,0.0430238629549178
4203.000000000046,0.04103755036561423,0.9164746851393747,0.04248776449501097
4204.000000000046,0.041088424835922475,0.9169533073477912,0.0419582678162864
4205.000000000046,0.041170561880630126,0.917394369295081,0.04143506882428887
4206.000000000046,0.04128422045740472,0.9177979003784851,0.0409178791641102
4207.000000000047,0.041429754228218096,0.9181638200905624,0.04040642568121949
4208.000000000047,0.041607613829228375,0.9184919361947063,0.03990044997606536
4209.000000000047,0.04181834975627129,0.9187819421908696,0.03939970805285897
4210.000000000047,0.042062615896619034,0.9190334140393464,0.0389039700640345
4211.000000000048,0.04234117374469865,0.919245806102299,0.038413020153002346
4212.000000000048,0.04265489734708374,0.919418446253891,0.03792665639902523
4213.000000000048,0.043004779030413894,0.9195505301002165,0.03744469086936974
4214.000000000049,0.0433919359751015,0.9196411142395527,0.03696694978534564
4215.000000000049,0.04381761770790531,0.9196891084816277,0.03649327381046703
4216.000000000048,0.04428321459786955,0.9196932669313336,0.03602351847079688
4217.000000000049,0.044790267452967186,0.9196521778274349,0.0355575547195979
4218.000000000049,0.04534047832926989,0.9195642520099616,0.03509526966076849
4219.00000000005,0.04593572268088386,0.9194277098708983,0.03463656744821786
4220.000000000049,0.04657806299756191,0.9192405666209593,0.03418137038147866
4221.00000000005,0.04726976409820885,0.9190006156804013,0.03372962022138978
4222.000000000051,0.04801331027286575,0.9187054099732423,0.03328127975389179
4223.00000000005,0.048811424493715054,0.9183522408714848,0.03283633463480013
4224.000000000051,0.049667089947806435,0.9179381144980595,0.03239479555413406
4225.000000000051,0.05058357418122596,0.9174597250535999,0.031956700765174186
4226.000000000051,0.05156445618721477,0.9169134247814854,0.03152211903129982
4227.000000000051,0.05261365682020725,0.916295190126952,0.031091153052840825
4228.000000000052,0.05373547297508796,0.9156005835778452,0.0306639434470668
4229.000000000052,0.05493461603751264,0.9148247105951391,0.03024067336734799
4230.000000000052,0.05621625518851014,0.913962170948683,0.029821573862806823
4231.000000000053,0.05758606623662384,0.9130070036653677,0.029406930098008575
4232.000000000053,0.059050286755878825,0.9119526246702004,0.028997088573920735
4233.000000000053,0.060615778430380594,0.910791756052293,0.02859246551732639
4234.000000000053,0.06229009764957046,0.9095163457135317,0.028193556636897855
4235.000000000054,0.06408157556553636,0.908117475953042,0.0278009484814216
4236.000000000054,0.06599940901978445,0.9065852592998318,0.02741533168038375
4237.000000000054,0.06805376397611419,0.9049087196227679,0.02703751640111794
4238.000000000055,0.07025589336476552,0.9030756562135264,0.026668450421708
4239.000000000055,0.07261827155709438,0.9010724881453492,0.026309240297556487
4240.000000000055,0.07515474805726481,0.8988840757480282,0.02596117619470699
4241.000000000055,0.07788072342612401,0.8964935154954078,0.0256257610784682
4242.000000000055,0.08081335095142855,0.8938819039625022,0.025304745086069225
4243.0000000000555,0.08397176815774185,0.8910280657598961,0.025000166082361913
4244.0000000000555,0.08737736291750417,0.8879082394777662,0.024714397604729613
4245.000000000056,0.0910540796908348,0.8844957146539537,0.024450205655211485
4246.000000000056,0.09502877229034613,0.8807604116055421,0.0242108161041118
4247.000000000056,0.09933161053882679,0.876668394619941,0.02399999484123226
4248.0000000000555,0.1039965492514379,0.8721813074869952,0.02382214326156691
4249.000000000056,0.10906186910235456,0.8672557186810795,0.023682412216565887
4250.000000000056,0.11457080007268274,0.8618423617112232,0.023586838216094055
4251.000000000057,0.12057223922030158,0.8558852543337697,0.02354250644592859
4252.000000000058,0.1271215752900731,0.8493206786248466,0.023557746085080405
4253.000000000057,0.13428163290931677,0.8420760026172498,0.02364236447343343
4254.000000000058,0.14212374833150665,0.8340683237819115,0.023807927886581814
4255.000000000057,0.1507289861799709,0.8252029158330707,0.024068097986958383
4256.000000000058,0.1601895012827006,0.8153714643615235,0.02443903435577588
4257.000000000058,0.17061003976025405,0.8044500855382154,0.024939874701530557
4258.000000000058,0.18210955642287424,0.7922971384985035,0.025593305078622255
4259.000000000059,0.19482289734079183,0.7787508704674044,0.02642623219180359
4260.000000000059,0.2089024514000314,0.7636269809084293,0.0274705676915393
4261.000000000059,0.2245196043701101,0.746716266855276,0.0287641287746139
4262.000000000059,0.24186572164981465,0.7277826303697161,0.03035164798046924
4263.00000000006,0.26115222527914644,0.7065619106629243,0.03228586405792927
4264.00000000006,0.282609096242093,0.6827622742550472,0.034628629502859776
4265.00000000006,0.3064808004019252,0.6560672889398091,0.03745191065826564
4266.000000000061,0.3330181831971268,0.626143354733061,0.040838462069812176
4267.000000000061,0.36246429689296866,0.5926538883790687,0.044881814727962654
4268.000000000061,0.39503145015449626,0.5552835346644291,0.0496850151810746
4269.000000000061,0.4308661347421271,0.5137765798902726,0.05535728536760032
4270.000000000062,0.4699982046512481,0.46799433125895823,0.06200746408979363
4271.000000000062,0.5122713804803797,0.41799579732096326,0.06973282219865706
4272.000000000062,0.5572548578533991,0.3641433378902054,0.0786018042563954
4273.000000000063,0.6041418954340219,0.30722831939822853,0.08862978516774955
4274.000000000062,0.6516519410585752,0.24859952520462025,0.09974853373680459
4275.000000000063,0.6979677008388446,0.19025909907742347,0.1117732000837318
4276.000000000062,0.7407531194816407,0.13487168556834803,0.12437519495001124
4277.000000000063,0.7773019959965034,0.08562414737872118,0.13707385662477545
4278.000000000064,0.8048453090753463,0.04589369452481565,0.14926099639983792
4279.000000000064,0.8209899746339331,0.01874382713658283,0.16026619822948396
4280.000000000065,0.8241870559245552,0.006357101659042025,0.16945584241640277
4281.000000000064,0.8140763214837023,0.009582904166526617,0.1763407743497709
4282.000000000064,0.7915737261653675,0.027768399988593227,0.18065787384603915
4283.000000000064,0.7586650108009715,0.058936518391296794,0.18239847080773175
4284.000000000065,0.7179883974443806,0.10023295548091016,0.18177864707470923
4285.000000000065,0.6723587178292849,0.14847214194073224,0.17916914022998287
4286.0000000000655,0.6243724920141865,0.20061460569999415,0.17501290228581923
4287.0000000000655,0.5761659709306207,0.2540799377717847,0.16975409129759456
4288.0000000000655,0.5293268656143287,0.30688274504541435,0.16379038934025691
4289.0000000000655,0.48491823352038754,0.3576324025854396,0.15744936389417283
4290.0000000000655,0.44356331187037173,0.4054534125632327,0.15098327556639543
4291.000000000066,0.4055501418747212,0.44987470873990887,0.14457514938536992
4292.000000000066,0.37093072487045503,0.49071919833640415,0.13835007679314076
4293.000000000066,0.33960308863967487,0.5280091814653578,0.13238772989496733
4294.000000000067,0.3113734961259531,0.5618926116948045,0.12673389217924236
4295.000000000067,0.28600060389533755,0.5925893110959951,0.12141008500866735
4296.000000000067,0.2632250986511678,0.6203537845204088,0.11642111682842345
4297.000000000067,0.24278850612566183,0.6454507444839864,0.11176074939035172
4298.000000000067,0.22444435283148567,0.6681398359433136,0.10741581122520072
4299.000000000068,0.207964156628204,0.6886667409932397,0.10336910237855632
4300.000000000068,0.19314005654212035,0.7072585495167274,0.09960139394115225
4301.000000000069,0.17978534878099667,0.7241218828283427,0.09609276839066067
4302.000000000069,0.16773378580325488,0.739442723982396,0.09282349021434917
4303.000000000069,0.15683820099875048,0.7533872511025973,0.08977454789865222
4304.000000000068,0.14696881760320327,0.7661032125115845,0.08692796988521218
4305.000000000069,0.1380114628955084,0.7777215493046227,0.08426698779986891
4306.000000000069,0.12986757703163607,0.7882455499288027,0.08188687303956121
4307.00000000007,0.12244777474024147,0.7978945578738891,0.07965766738586944
4308.000000000071,0.11567447962059682,0.806759477826849,0.0775660425525542
4309.00000000007,0.1094795341227026,0.8149199005374447,0.07560056533985271
4310.000000000071,0.10380298574928964,0.8224461815045522,0.07375083274615818
4311.00000000007,0.09859203083960147,0.8294005776265881,0.07200739153381039
4312.000000000071,0.09380009296063124,0.8358382495132286,0.07036165752614004
4313.000000000071,0.08938602178329881,0.8418081407164151,0.06880583750028621
4314.000000000071,0.0853133983809648,0.8473537462648205,0.06733285535421468
4315.000000000072,0.08154993366828792,0.8525137828980226,0.06593628343368949
4316.000000000072,0.07806694783625293,0.8573227727798449,0.06461027938390215
4317.000000000072,0.07483891991308361,0.8618115515310278,0.06334952855588855
4318.000000000072,0.07184309786090778,0.8660077103486622,0.06214919179043001
4319.000000000073,0.06905916083240478,0.8699359808869264,0.06100485828066886
4320.000000000073,0.06646892632386925,0.8736185705256541,0.059912503150476686
4321.000000000073,0.06405609595681097,0.8770754546839579,0.05886844935923105
4322.000000000074,0.061806034497892355,0.880324631960766,0.0578693335413416
4323.000000000074,0.059705577492251805,0.883382347106096,0.05691207540165209
4324.000000000074,0.05774286354739832,0.8862632861432941,0.0559938503093076
4325.000000000074,0.05590718787465616,0.8889807473665232,0.05511206475882063
4326.000000000075,0.0541888741836098,0.8915467914213328,0.05426433439505745
4327.000000000075,0.05257916244264289,0.8939723732303577,0.05344846432699927
4328.000000000075,0.05107011037514218,0.8962674581425383,0.052662431482319645
4329.0000000000755,0.04965450686497193,0.8984411243545783,0.051904368780449614
4330.000000000075,0.04832579570386249,0.9005016533706948,0.05117255092544275
4331.0000000000755,0.047078008334245594,0.902456610024116,0.05046538164163848
4332.000000000075,0.045905704429345405,0.9043129133759464,0.04978138219470804
4333.000000000076,0.044803919312965505,0.9060768996287792,0.04911918105825536
4334.000000000076,0.04376811735858358,0.9077543780394727,0.048477504601943736
4335.000000000076,0.04279415062457454,0.9093506806843143,0.0478551686911111
4336.0000000000755,0.04187822208270052,0.910870706816962,0.04725107110033734
4337.000000000076,0.04101685288292877,0.912318962462604,0.0466641846544671
4338.000000000076,0.04020685317136422,0.9136995958082613,0.04609355102037457
4339.000000000077,0.03944529604141274,0.9150164288771628,0.045538275081424544
4340.000000000078,0.0387294942527759,0.9162729859130077,0.04499751983421644
4341.000000000077,0.03805697939984285,0.9174725188462037,0.044470501753953645
4342.000000000078,0.03742548325154713,0.9186180301676926,0.04395648658076025
4343.000000000077,0.03683292101981055,0.9197122934956526,0.04345478548453681
4344.000000000078,0.03627737634400379,0.9207578720854184,0.04296475157057784
4345.000000000078,0.03575708780518389,0.9217571355024581,0.04248577669235792
4346.000000000078,0.03527043680671516,0.9227122746518237,0.04201728854146113
4347.000000000078,0.03481593667778458,0.9236253153342848,0.04155874798793049
4348.000000000079,0.03439222287367965,0.9244981304792032,0.04110964664711709
4349.000000000079,0.03399804416185362,0.9253324511864605,0.04066950465168592
4350.000000000079,0.033632254696085766,0.9261298766942446,0.04023786860966961
4351.00000000008,0.03329380689269337,0.9268918833758274,0.03981430973147923
4352.00000000008,0.03298174503299682,0.9276198328564531,0.03939842211055007
4353.00000000008,0.03269519952527777,0.9283149793308149,0.03898982114390737
4354.00000000008,0.0324333817674501,0.9289784761522,0.03858814208034993
4355.000000000081,0.0321955795587546,0.9296113817560269,0.03819303868521864
4356.000000000081,0.031981153015081136,0.9302146649730466,0.037804182011872245
4357.000000000081,0.03178953094815464,0.9307892097808607,0.0374212592709847
4358.000000000082,0.03162020767386327,0.9313358195363957,0.03704397278974107
4359.000000000082,0.03147274021955807,0.9318552207266354,0.036672039053806525
4360.000000000082,0.031346745904268045,0.9323480662700013,0.03630518782573085
4361.000000000082,0.031241900269537028,0.9328149383963725,0.035943161334090444
4362.000000000082,0.0311579353420313,0.9332563511296063,0.03558571352836244
4363.000000000083,0.03109463821226384,0.9336727523926913,0.03523260939504473
4364.000000000082,0.0310518499167601,0.9340645257521472,0.03488362433109274
4365.000000000083,0.031029464613804437,0.9344319918149381,0.03453854357125737
4366.000000000084,0.031027429045589347,0.9347754092880797,0.03419716166633109
4367.000000000084,0.03104574228217871,0.935094975708024,0.033859282009797154
4368.000000000083,0.031084455745228237,0.9353908278440031,0.03352471641076869
4369.000000000084,0.03114367351191376,0.935663041776557,0.03319328471152945
4370.000000000084,0.03122355290203216,0.9359116326495974,0.032864814448370416
4371.000000000084,0.03132430535379887,0.9361365540913557,0.03253914055484559
4372.000000000085,0.03144619759650022,0.9363376972965572,0.03221610510694242
4373.000000000085,0.03158955313090746,0.9365148897590124,0.031895557110080006
4374.0000000000855,0.031754754031257486,0.9366678936404544,0.031577352328288184
4375.000000000085,0.031942243085695335,0.9367964037579629,0.03126135315634186
4376.0000000000855,0.03215252629540181,0.9369000451684735,0.03094742853612472
4377.0000000000855,0.03238617575624196,0.9369783703247744,0.03063545391898366
4378.0000000000855,0.03264383295072066,0.9370308557728728,0.030325311276406523
4379.000000000086,0.032926212482394204,0.9370568983556384,0.030016889161967247
4380.000000000086,0.033234106289701255,0.9370558108821485,0.029710082828150346
4381.000000000086,0.03356838838156599,0.937026817215992,0.02940479440244199
4382.000000000086,0.0339300201431346,0.9369690467289571,0.02910093312790831
4383.000000000087,0.03432005626677654,0.9368815280587544,0.028798415674468995
4384.000000000087,0.03473965137109846,0.9367631821007357,0.028497166528165925
4385.000000000087,0.03519006737936318,0.9366128141536488,0.0281971184669881
4386.000000000087,0.03567268173848653,0.9364291051282548,0.02789821313325875
4387.000000000088,0.03618899657093224,0.9362106017147976,0.027600401714270226
4388.000000000088,0.03674064886454316,0.9359557053906933,0.027303645744763554
4389.000000000088,0.03732942181987069,0.9356626601330176,0.027007918047111622
4390.000000000089,0.03795725749123261,0.9353295386811317,0.026713203827635618
4391.000000000089,0.0386262708768333,0.9349542271725955,0.026419501950571234
4392.000000000088,0.03933876563531682,0.9345344079500016,0.026126826414681423
4393.000000000089,0.04009725163145889,0.934067540306784,0.025835208061756917
4394.000000000089,0.04090446454304152,0.9335508389059034,0.02554469655105508
4395.00000000009,0.04176338779483437,0.9329812495656336,0.025255362639531966
4396.000000000089,0.04267727712495685,0.9323554220605418,0.024967300814501367
4397.00000000009,0.043649688134536464,0.9316696795321012,0.0246806323333622
4398.000000000091,0.04468450722472896,0.9309199840406909,0.02439550873458027
4399.00000000009,0.04578598638708477,0.9301018977175252,0.024112115895390186
4400.000000000091,0.04695878238557401,0.9292105388892865,0.023830678725139373
4401.000000000091,0.048208000953132074,0.9282405324476157,0.023551466599252415
4402.000000000091,0.04953924672466101,0.9271859536173933,0.02327479965794579
4403.000000000091,0.05095867974465217,0.9260402641384816,0.023001056116866207
4404.000000000092,0.052473079524151235,0.9247962397114813,0.0227306807643676
4405.000000000092,0.05408991778249506,0.9234458873640904,0.022464194853414436
4406.000000000092,0.05581744119853978,0.9219803511653072,0.02220220763615303
4407.000000000093,0.0576647657193935,0.9203898044429605,0.021945429837646017
4408.000000000093,0.05964198423827955,0.91866332633774,0.0216946894239805
4409.000000000093,0.06176028976449975,0.9167887601443044,0.0214509500911957
4410.000000000093,0.06403211657654471,0.9147525504352221,0.021215332988233207
4411.000000000094,0.06647130228420174,0.9125395554230216,0.020989142292776583
4412.000000000094,0.06909327423927789,0.9101328303727406,0.020773895387981495
4413.000000000094,0.07191526434049716,0.9075133771134728,0.020571358546029928
4414.000000000095,0.07495655699175925,0.9046598537902483,0.02038358921799248
4415.000000000095,0.0782387758104629,0.9015482379226637,0.0202129862668734
4416.000000000095,0.08178621566126265,0.8981514345665008,0.020062349772236532
4417.000000000095,0.08562622772648325,0.8944388198806862,0.019934952392830566
4418.000000000095,0.08978966663043925,0.8903757086562339,0.01983462471332681
4419.0000000000955,0.09431141011601146,0.8859227323434072,0.0197658575405813
4420.000000000095,0.09923096341815328,0.881035111806802,0.019733924775044653
4421.0000000000955,0.1045931622534701,0.8756618064584469,0.019745031288083068
4422.000000000096,0.1104489901650164,0.8697445186225643,0.01980649121241929
4423.000000000096,0.1168565276671986,0.8632165291058332,0.019926943226968044
4424.0000000000955,0.12388205194412737,0.8560013372447695,0.020116610811103178
4425.000000000096,0.13160130628269737,0.8480110766509744,0.020387617066328217
4426.000000000096,0.14010095717114593,0.839144677291299,0.020754365537555025
4427.000000000096,0.1494802527712762,0.829285746788751,0.02123400043997281
4428.000000000097,0.15985288721727003,0.818300151141945,0.021846961640784975
4429.000000000097,0.17134905766442327,0.8060332910214365,0.022617651314140234
4430.000000000098,0.18411767017882685,0.7923071000797489,0.02357522974142412
4431.000000000097,0.19832859873127495,0.7769168451393019,0.02475455612942312
4432.000000000098,0.21417481717103332,0.7596278982140405,0.026197284614926264
4433.000000000098,0.23187409011612556,0.7401727973139677,0.02795311256990676
4434.000000000098,0.2516697010452664,0.7182491462854724,0.030081152669261143
4435.000000000099,0.2738293818462084,0.6935192644266301,0.032651353727161436
4436.000000000099,0.29864114713638,0.6656130371099827,0.03574581575363733
4437.000000000099,0.32640408661351233,0.634136198652536,0.039459714733951656
4438.000000000099,0.3574113045553741,0.5986873450471754,0.04390135039745052
4439.0000000001,0.39192115444186254,0.5588883120279905,0.04919053353014691
4440.0000000001,0.4301118884347316,0.5144339825188993,0.05545412904636915
4441.0000000001,0.4720143281879416,0.465168569793085,0.06281710201897334
4442.000000000101,0.5174182074987476,0.4111947778023169,0.0713870146989356
4443.000000000101,0.5657522286318818,0.3530178453780435,0.08122992599007473
4444.000000000101,0.6159480254986711,0.291715309232562,0.09233666526876692
4445.000000000101,0.6663160442570987,0.22910261235934168,0.10458134338355962
4446.000000000102,0.714485235430005,0.1678353816418861,0.11767938292810896
4447.000000000102,0.7574785480966442,0.11136179495239902,0.13115965695095677
4448.000000000102,0.7919916227187722,0.06363730348844489,0.1443710737927829
4449.000000000103,0.8148887394466396,0.028569622833837086,0.15654163771952312
4450.000000000102,0.8238259158704602,0.009282208673856816,0.16689187545568296
4451.000000000103,0.8178035392017396,0.007419116830837458,0.17477734396742273
4452.000000000102,0.7974251649858238,0.022762378096651895,0.17981245691752423
4453.000000000103,0.7647454988790188,0.053325215878784235,0.18192928524219695
4454.000000000104,0.7227758765899444,0.09587036507889551,0.18135375833116016
4455.000000000104,0.6748545992279805,0.14662666554376996,0.17851873522824943
4456.000000000105,0.624099645600507,0.20194609053913773,0.17395426386035528
4457.000000000104,0.5730674192624611,0.25874084537379943,0.16819173536373955
4458.000000000104,0.5236281360270525,0.31467115461318845,0.1617007093597591
4459.000000000104,0.47699883453900704,0.3681416370697794,0.15485952839121353
4460.000000000105,0.43385884377107553,0.41819006862186114,0.14795108760706333
4461.000000000105,0.39448858041564633,0.46433834729295254,0.1411730722914011
4462.0000000001055,0.3588971975131302,0.5064486848038414,0.13465411768302837
4463.0000000001055,0.32692478068305797,0.544604656143066,0.12847056317387606
4464.0000000001055,0.2983170701776853,0.5790217656929371,0.12266116412937766
4465.0000000001055,0.27277644359194686,0.6099846892266755,0.11723886718137765
4466.0000000001055,0.24999462573553863,0.6378056890395316,0.11219968522492976
4467.000000000106,0.22967233605552032,0.6627985598593983,0.1075291040850814
4468.000000000106,0.21153009218522012,0.6852633552288843,0.1032065525858956
4469.000000000106,0.19531329352588675,0.7054782772896938,0.09920842918441941
4470.000000000107,0.1807937684989536,0.7236961412795214,0.09551009022152496
4471.000000000107,0.16776924904551174,0.7401436401954499,0.09208711075903839
4472.000000000107,0.15606172005059957,0.755022233119361,0.08891604683003954
4473.000000000107,0.14551523764961055,0.768509899651668,0.08597486269872137
4474.000000000107,0.13599357552703592,0.7807632868100128,0.08324313766295136
4475.000000000108,0.12737790642333433,0.7919199622999749,0.08070213127669082
4476.000000000108,0.11956463016656928,0.8021006092815623,0.07833476055186835
4477.000000000109,0.11246340052999856,0.8114110744513943,0.07612552501860718
4478.000000000109,0.10599536801675016,0.8199442286538164,0.0740604033294334
4479.000000000109,0.10009163557486613,0.8277816276545461,0.07212673677058777
4480.000000000108,0.09469191354621058,0.8349949770381454,0.0703131094156439
4481.000000000109,0.08974335517415251,0.8416474139392719,0.06860923088657571
4482.000000000109,0.08519955239877432,0.8477946224127405,0.06700582518848518
4483.00000000011,0.08101967198869403,0.8534858005617918,0.06549452744951417
4484.000000000111,0.0771677133897014,0.8587644972639124,0.06406778934638636
4485.00000000011,0.07361187146587872,0.863669335197306,0.06271879333681524
4486.000000000111,0.07032398924651831,0.8682346353319571,0.061441375421524586
4487.00000000011,0.06727908769150567,0.8724909563763682,0.06022995593212613
4488.000000000111,0.06445496125402105,0.8764655610195944,0.05907947772638457
4489.000000000111,0.06183182961003154,0.8801828192608503,0.05798535112911828
4490.000000000111,0.05939203732674044,0.8836645577152004,0.056943404958059315
4491.000000000112,0.05711979446165416,0.8869303625369744,0.0559498430013714
4492.000000000112,0.055000952134051144,0.8899978425102847,0.05500120535566428
4493.000000000112,0.053022808008335545,0.8928828579093775,0.054094334082287074
4494.000000000112,0.05117393739297305,0.8955997199161606,0.05322634269086622
4495.000000000113,0.04944404630686018,0.8981613646837937,0.052394589009346
4496.000000000113,0.04782384341378479,0.9005795055387124,0.05159665104750296
4497.000000000113,0.046304928189648334,0.9028647663052123,0.050830305505139374
4498.000000000114,0.04487969307925787,0.9050267983043069,0.050093508616435134
4499.000000000114,0.0435412377309315,0.9070743832108132,0.049384379058255365
4500.000000000114,0.042283293677278934,0.9090155236400582,0.048701182682662846
4501.000000000114,0.041100158067555966,0.9108575230698028,0.048042318862641195
4502.000000000115,0.039986635257675825,0.9126070564767779,0.0474063082655463
4503.000000000115,0.03893798523406184,0.914270232874774,0.04679178189116422
4504.000000000115,0.03794987799194194,0.9158526507770538,0.046197471231004365
4505.0000000001155,0.03701835311140131,0.9173594474658737,0.04562219942272485
4506.000000000115,0.036139783878987426,0.9187953428322765,0.04506487328873598
4507.0000000001155,0.0353108453917201,0.9201646784469936,0.044524476161286325
4508.000000000115,0.034528486156418015,0.9214714524355869,0.04400006140799506
4509.0000000001155,0.03378124962011216,0.9227055738143852,0.04351317656550261
4510.000000000116,0.03306667590183894,0.9238695082122524,0.04306381588590873
4511.000000000116,0.03239180764553056,0.9249811387076445,0.042627053646824904
4512.000000000117,0.03175438620903682,0.9260434122671408,0.04220220152382247
4513.000000000116,0.031152329882657783,0.9270590552328348,0.041788614884507386
4514.000000000116,0.03058371868960895,0.9280305919575984,0.041385689352792535
4515.000000000116,0.030046780724999354,0.9289603615935487,0.040992857681451965
4516.000000000117,0.02953987986332152,0.9298505332347176,0.040609586901960704
4517.000000000117,0.029061504685269687,0.9307031195907504,0.04023537572397984
4518.000000000118,0.02861025849282144,0.9315199893472372,0.03986975215994144
